0.000000000000000000e+00 0.000000000000000000e+00
0.000000000000000000e+00 0.000000000000000000e+00
0.000000000000000000e+00 0.000000000000000000e+00
0.000000000000000000e+00 0.000000000000000000e+00
0.000000000000000000e+00 0.000000000000000000e+00
0.000000000000000000e+00 0.000000000000000000e+00
0.000000000000000000e+00 0.000000000000000000e+00
0.000000000000000000e+00 0.000000000000000000e+00
0.000000000000000000e+00 0.000000000000000000e+00
0.000000000000000000e+00 0.000000000000000000e+00
0.000000000000000000e+00 0.000000000000000000e+00
0.000000000000000000e+00 0.000000000000000000e+00
0.000000000000000000e+00 0.000000000000000000e+00
0.000000000000000000e+00 0.000000000000000000e+00
0.000000000000000000e+00 0.000000000000000000e+00
0.000000000000000000e+00 0.000000000000000000e+00
0.000000000000000000e+00 0.000000000000000000e+00
0.000000000000000000e+00 0.000000000000000000e+00
0.000000000000000000e+00 0.000000000000000000e+00
0.000000000000000000e+00 0.000000000000000000e+00
0.000000000000000000e+00 0.000000000000000000e+00
0.000000000000000000e+00 0.000000000000000000e+00
0.000000000000000000e+00 0.000000000000000000e+00
0.000000000000000000e+00 0.000000000000000000e+00
4.189447580520255896e-05 7.256336065107588757e-05
1.444095672722283156e-04 2.501247076145351697e-04
8.118475432183271806e-04 7.398462402193260430e-04
2.222041153275748984e-03 1.186752410629607693e-03
4.831114441879433611e-04 8.367735670514938337e-04
6.445140475490887359e-03 1.041477067285578352e-02
2.018369985732421448e-02 2.297881081136104314e-02
4.098012236004564685e-02 2.562888314510236576e-02
5.581707043714902172e-02 3.987438617922026141e-02
5.401921041151964281e-02 3.181816231977191434e-02
3.394427246082618727e-02 3.828111487885522274e-02
4.784199336288939008e-01 2.612999892906390231e-01
1.132478188067630454e+00 9.169109272917826126e-02
2.216882974890415525e+00 1.114418888131352009e-01
2.960287776114859160e+00 4.815757214552848775e-01
2.512678873484902375e+00 5.591502763047823121e-01
2.680990721388115006e+00 2.919903317161996470e-01
2.549057714656458806e+00 4.230984506074713658e-01
2.534080848668336383e+00 3.205192086089262427e-01
2.647168018234660192e+00 3.319205695290407543e-01
3.049854322591444511e+00 5.329380810313955052e-01
3.048014673087454884e+00 1.572509614577800585e-01
2.295195875208285941e+00 2.432930180801813058e-01
3.328613784587635571e+00 3.470753085631960722e-01
2.999525897803169805e+00 2.580572923223429238e-01
2.390594788982483010e+00 5.555755881633495097e-01
1.365418386472655454e+00 1.183915591326618832e+00
1.307385874019575622e+00 1.212437748458151887e+00
6.377527094079170622e-01 7.083832602739772444e-01
5.904012134349474750e-02 6.215130317072602162e-02
5.434868677125517245e-01 5.517211067166056804e-01
1.391098883739611176e-04 1.675127085106975445e-04
3.313138716012469100e-05 4.810169308484891132e-05
2.424832665663517722e-07 3.543882340912107165e-07
9.331269364361707880e-10 1.080092770051326633e-09
2.365485696905478446e-13 2.860916145845876538e-13
