3.542239020007031058e+00 0.000000000000000000e+00
7.714249147703421405e-01 0.000000000000000000e+00
3.455032408676796951e-01 0.000000000000000000e+00
2.972865867863513367e-01 0.000000000000000000e+00
4.795391913383561383e-02 0.000000000000000000e+00
1.570041623105419559e-01 0.000000000000000000e+00
7.838562967651845070e-02 0.000000000000000000e+00
1.399911470589269569e-01 0.000000000000000000e+00
8.943508530612745977e-01 0.000000000000000000e+00
9.969418374795759874e-01 0.000000000000000000e+00
3.591205470015281787e-01 0.000000000000000000e+00
1.379228788163003205e+00 0.000000000000000000e+00
4.092484612894986551e-02 0.000000000000000000e+00
2.229140076627847750e-05 0.000000000000000000e+00
6.662122021381336848e-07 0.000000000000000000e+00
2.188268622617216816e-09 0.000000000000000000e+00
1.105126654455090547e-14 0.000000000000000000e+00
1.141837637809870902e-18 0.000000000000000000e+00
1.495171657164454909e-25 0.000000000000000000e+00
2.256648113235026178e-28 0.000000000000000000e+00
5.283493244090440104e-40 0.000000000000000000e+00
1.513205968460142984e-50 0.000000000000000000e+00
2.605565324988406117e-54 0.000000000000000000e+00
4.543127902402074255e-63 0.000000000000000000e+00
2.901419030898183313e-81 0.000000000000000000e+00
1.920541638568332329e-72 0.000000000000000000e+00
1.483809103029295738e-89 0.000000000000000000e+00
2.475960619398314482e-101 0.000000000000000000e+00
1.246138960383552565e-106 0.000000000000000000e+00
3.834329464838018540e-110 0.000000000000000000e+00
2.427501729552326715e-115 0.000000000000000000e+00
2.807544985388173351e-130 0.000000000000000000e+00
6.489996278374787545e-123 0.000000000000000000e+00
2.922828839014029156e-153 0.000000000000000000e+00
0.000000000000000000e+00 0.000000000000000000e+00
7.506363491634981814e-158 0.000000000000000000e+00
4.225205143499313664e-170 0.000000000000000000e+00
0.000000000000000000e+00 0.000000000000000000e+00
7.650028690934669317e-184 0.000000000000000000e+00
0.000000000000000000e+00 0.000000000000000000e+00
0.000000000000000000e+00 0.000000000000000000e+00
0.000000000000000000e+00 0.000000000000000000e+00
4.308850470289924661e-207 0.000000000000000000e+00
0.000000000000000000e+00 0.000000000000000000e+00
5.212204599509307094e-228 0.000000000000000000e+00
0.000000000000000000e+00 0.000000000000000000e+00
0.000000000000000000e+00 0.000000000000000000e+00
0.000000000000000000e+00 0.000000000000000000e+00
0.000000000000000000e+00 0.000000000000000000e+00
0.000000000000000000e+00 0.000000000000000000e+00
0.000000000000000000e+00 0.000000000000000000e+00
0.000000000000000000e+00 0.000000000000000000e+00
0.000000000000000000e+00 0.000000000000000000e+00
0.000000000000000000e+00 0.000000000000000000e+00
0.000000000000000000e+00 0.000000000000000000e+00
0.000000000000000000e+00 0.000000000000000000e+00
0.000000000000000000e+00 0.000000000000000000e+00
0.000000000000000000e+00 0.000000000000000000e+00
0.000000000000000000e+00 0.000000000000000000e+00
0.000000000000000000e+00 0.000000000000000000e+00
