0.000000000000000000e+00 0.000000000000000000e+00
9.846566819769491557e-05 5.363461468382836833e-05
2.386811538030066035e-23 2.386811523251719318e-23
3.733199422330102112e-106 3.733199422330102112e-106
0.000000000000000000e+00 0.000000000000000000e+00
0.000000000000000000e+00 0.000000000000000000e+00
0.000000000000000000e+00 0.000000000000000000e+00
0.000000000000000000e+00 0.000000000000000000e+00
0.000000000000000000e+00 0.000000000000000000e+00
0.000000000000000000e+00 0.000000000000000000e+00
