1.599999034162004108e+01 1.211643971821274590e-06
1.599998655083641097e+01 2.824360576525464239e-06
1.599998048460579270e+01 1.715139157809630888e-06
1.599997202640195759e+01 2.867168420905841231e-06
1.599994852538200618e+01 1.599511034111600338e-05
1.599995909692204066e+01 5.105064869503905811e-06
1.599994297151198985e+01 1.198629591847577558e-05
1.599991728397714219e+01 7.293389668205918497e-06
1.599988154818644936e+01 1.207919183343619807e-05
1.599978119957918388e+01 6.836447655444999327e-05
1.599982681506989479e+01 2.138750640856557084e-05
1.599975791470025221e+01 5.097476994997407473e-05
1.599964917503925399e+01 3.113132543219876425e-05
1.599949861831935038e+01 5.059343097624235952e-05
1.599906643216364088e+01 2.950974832138797410e-04
1.599933664085620322e+01 2.086536346741496573e-04
1.599926293375314934e+01 1.290834749667624237e-05
1.599829424979852277e+01 4.236278314460051320e-04
1.599776387783555975e+01 2.743289914937108165e-04
1.599810843074211419e+01 3.246141370540911453e-04
1.599718183162402596e+01 8.758581557621880620e-04
1.599688408336866097e+01 3.728874875541521305e-05
1.599278677124098813e+01 1.817057201870753147e-03
1.599049574659097495e+01 1.117040043606465360e-03
1.599196944728195646e+01 1.379910590970645501e-03
1.598797497843532867e+01 3.617708684545029030e-03
1.598679148893905833e+01 2.872535604847570312e-05
1.596954753698795315e+01 7.897093614152694840e-03
1.595958979497066821e+01 4.278831313152764437e-03
1.596580184058202789e+01 5.890812372993714519e-03
1.593978997350829729e+01 6.624848263205862509e-04
1.592423327789204990e+01 1.624488029105197739e-02
1.589817143248968279e+01 3.031694295298592579e-03
1.584405849273109368e+01 1.878796656566539269e-02
1.583865137339551410e+01 3.618911437083571769e-02
1.576435047392051558e+01 8.860712309592067015e-03
1.568275267074347923e+01 6.578908870508026752e-02
1.554955768699572793e+01 3.249884888639620328e-02
1.532775378141030487e+01 1.143422257748696325e-01
1.538565853454492682e+01 1.072318268253074081e-01
1.519248300596856893e+01 3.307425905497130003e-02
1.478664340305127212e+01 2.560625665307219023e-01
1.360212671368243420e+01 9.266713770943999506e-01
1.377778999714756836e+01 1.643513009454826701e-01
1.328134009964537476e+01 3.772437065217104646e-01
1.199944884041835458e+01 1.267831441623759048e-01
1.165174360121507569e+01 1.128217396086803603e+00
1.023544895138808819e+01 3.096147708843144386e-01
7.952956422699425154e+00 1.982352959353430144e+00
9.508642246878585169e+00 3.980828464272505585e-01
7.189943705505621452e+00 6.343353005998926264e-01
5.757665407750762299e+00 1.407288506540041784e+00
3.113879889296396364e+00 6.675830464333154524e-02
2.023803706813191106e+00 2.304248367538330733e-02
2.741031500312563374e+00 1.658864293505690757e-01
2.374784185030524242e+00 2.402734139366908828e-01
2.768192167521010827e+00 2.246765380873894102e-02
3.364460296941258477e+00 4.255538411523724918e-01
2.797695885557461182e+00 4.990803489767181578e-01
7.480283376888887670e-01 1.888640466645474247e-01
