2.560778232028092196e-07 1.864469746945665273e-07
7.767390606126837080e-11 7.753638547339498484e-11
7.465696425464182890e-26 7.464798665738759511e-26
4.236662549270116540e-102 4.236662549268524775e-102
0.000000000000000000e+00 0.000000000000000000e+00
0.000000000000000000e+00 0.000000000000000000e+00
0.000000000000000000e+00 0.000000000000000000e+00
0.000000000000000000e+00 0.000000000000000000e+00
0.000000000000000000e+00 0.000000000000000000e+00
0.000000000000000000e+00 0.000000000000000000e+00
