1.597506785348160463e+01 6.853668575603483540e-03
1.597127914081588429e+01 3.941441370665057196e-03
1.595576752927564712e+01 9.078122985518603458e-03
1.594774034904137849e+01 2.300347081610092451e-02
1.594201226682636019e+01 1.022933436741905663e-02
1.593868832948508008e+01 1.676480308080900705e-02
1.592971291349121365e+01 9.017283994546595322e-03
1.589067075249502992e+01 2.218226659808196846e-02
1.587028457892985323e+01 5.642598479357076313e-02
1.586028498069712001e+01 2.287279920310288789e-02
1.584930959162635844e+01 4.024604756748034057e-02
1.582863421768959356e+01 1.982585715563897621e-02
1.572880244482658085e+01 5.452328040789185953e-02
1.567656195998614521e+01 1.326063324447578906e-01
1.567225689551734469e+01 3.912739415581610591e-02
1.566707430750668983e+01 7.084417848230714632e-02
1.548198353167851060e+01 1.515836108216837563e-01
1.546209485809347761e+01 7.058283653354434362e-02
1.549111071354868940e+01 3.804797276282440022e-02
1.518756602816233681e+01 1.043804460123480965e-01
1.502135488286582188e+01 4.888465222322271320e-01
1.452021447714442282e+01 7.157754195604526526e-01
1.469833403974399211e+01 2.326027794768506796e-01
1.478625844637311459e+01 1.935339683499873731e-01
1.391655065853878526e+01 3.943950699324833553e-01
1.396739158723712571e+01 5.386033610791961523e-01
1.291246665882178846e+01 5.866974063188982180e-01
1.292674627001348497e+01 4.986766877231988415e-01
1.330856731664647086e+01 5.272853191396209560e-01
1.136755798132829831e+01 8.677523793220355275e-01
1.169088000117702997e+01 6.530207648232040363e-01
1.145593354507005657e+01 3.192666562144610420e-01
1.050309615160985466e+01 8.018146439188164054e-01
1.070844712303669155e+01 5.062122857971146361e-01
1.032197935619118567e+01 7.866095933454402278e-01
8.940125977460683160e+00 8.977591608223587372e-01
8.450121784276170445e+00 6.928263589329651806e-01
7.664538105208490215e+00 7.529973569189515326e-01
6.280087249792730475e+00 4.437048046374049148e-01
5.258589134088030193e+00 8.412117179686893209e-01
2.876798113242112542e+00 6.093090755439558581e-01
2.054026006246585823e+00 6.411319972582844862e-02
2.077962137216387895e+00 7.749808394145120405e-02
2.427563956018611080e+00 6.441882703911475661e-01
2.621640674793214387e+00 4.464279155989672732e-01
2.748176380706733646e+00 4.765080009911764058e-01
2.649780195072832356e+00 4.112103731009484342e-01
3.273138314118762437e+00 4.610812283848219617e-01
2.961822974903538963e+00 4.987706509559128309e-01
2.560609893492398648e+00 7.987615054964852801e-01
1.046112209941462812e+00 3.266864624258921102e-01
1.584073706957602745e+00 7.292790227732151020e-01
8.970396734381983483e-01 6.330926947691264406e-01
1.976087710227975025e-01 2.972363652160146530e-01
1.508272634341676841e-02 1.700487787024154707e-02
2.036274907247865029e-01 3.506771563050996576e-01
1.765755695111605530e-02 3.057517155964900243e-02
1.709834260807851850e-06 2.635313911853309201e-06
2.026665616662920709e-07 3.261299040648540225e-07
3.205208044211324962e-12 5.543972519898329743e-12
