2.436467097817891433e-02 2.436467097817891433e-02
7.001948488266365733e-02 6.929858599616650627e-02
6.847923605394032395e-19 6.518863528538697369e-19
2.958015937818729674e-111 2.958015937818729674e-111
0.000000000000000000e+00 0.000000000000000000e+00
0.000000000000000000e+00 0.000000000000000000e+00
0.000000000000000000e+00 0.000000000000000000e+00
0.000000000000000000e+00 0.000000000000000000e+00
0.000000000000000000e+00 0.000000000000000000e+00
0.000000000000000000e+00 0.000000000000000000e+00
