1.399998570464215852e+01 1.988708728362098554e-06
1.399997528411388714e+01 1.658600583098746029e-06
1.399993846631499039e+01 2.684709607780888518e-05
1.399996591900014842e+01 8.208269685283653416e-06
1.399996028439305995e+01 2.445130604655787465e-07
1.399993941188979996e+01 8.417500536594957339e-06
1.399989521350399357e+01 6.972396803917035868e-06
1.399973940363012304e+01 1.142671934699635017e-04
1.399985562523372096e+01 3.475880641357065315e-05
1.399983062429094005e+01 1.068194751319140323e-06
1.399974306022929582e+01 3.559666020080953786e-05
1.399955531825982291e+01 2.904255421043444585e-05
1.399889644004124634e+01 4.887813775926730386e-04
1.399938834936452281e+01 1.471530549226329754e-04
1.399927224361220368e+01 4.362028946047757927e-06
1.399856061977735422e+01 1.030841977547325428e-04
1.399842180920603951e+01 1.019652043412477838e-04
1.399797877129646295e+01 1.543663697782804434e-04
1.399626270504339942e+01 1.579730175738092157e-05
1.399573265646470333e+01 8.645808967786550170e-04
1.399384459494994815e+01 4.855098051050887875e-04
1.399330233180405614e+01 4.441845302780578209e-04
1.399144069633716825e+01 7.234521203773880416e-04
1.398432449691802404e+01 6.871936410224321889e-05
1.398178555483103480e+01 3.334677637999661215e-03
1.397341448447231826e+01 2.372626596098825758e-03
1.397143287497637765e+01 2.037783298199258297e-03
1.396355124772258804e+01 4.422406186387561888e-03
1.393517099145005744e+01 2.205622474660273724e-04
1.392167409990367588e+01 1.057208950434063155e-02
1.387956783084917944e+01 9.017721188942395827e-03
1.405650378805991174e+01 2.327412954446632654e-01
1.380371729576077833e+01 5.771063225356343196e-02
1.392758711044499442e+01 2.953426401427563519e-01
1.393573835569494612e+01 2.991000104043859409e-01
1.377204273937562995e+01 3.172597272966370952e-01
1.321026941426238466e+01 1.376457617810712186e+00
1.332336831854077630e+01 7.910376190525703066e-02
1.433748306270681461e+01 2.333235337536248011e-01
1.395968095094803552e+01 5.733725191711691593e-01
1.387709562758237780e+01 1.461504626054193068e-01
1.346584904333332133e+01 3.516980709490935553e-01
1.237815299645499323e+01 5.247646311156630716e-01
1.338476286031323070e+01 4.378996257924034907e-01
1.364748023656129305e+01 1.431850029103145516e+00
1.177273521140206114e+01 6.876148770795591503e-01
7.303906590257218667e+00 5.388400673085005366e-01
4.150679012444181915e+00 2.007063389876366788e-01
2.223731381603388346e+00 6.891016389663925379e-01
2.348856842421710667e+00 4.412332778936670641e-01
7.817846747459245016e-01 7.149766787980493810e-01
2.862852989038139895e-01 2.030253477642179893e-01
3.630112495099702130e-02 1.811581641934961046e-02
1.316638049668741872e-01 6.517454492845861647e-02
6.088972524579543411e-01 4.351255130216185596e-01
2.174765218448380943e-01 1.730351589989815586e-01
1.597709417252931363e+00 9.351314114441103831e-01
4.695781739617129191e-01 5.308234699926600575e-02
7.852675813305064478e-01 6.618650482075209007e-01
1.996700812958850380e-01 1.304064146397351243e-01
