9.134837476169925807e+00 0.000000000000000000e+00
9.378045557028364954e+00 0.000000000000000000e+00
7.559129049402894651e+00 0.000000000000000000e+00
6.579074203742745652e+00 0.000000000000000000e+00
3.111000019542857764e+00 0.000000000000000000e+00
2.003329368829384727e+00 0.000000000000000000e+00
2.246214790690961749e+00 0.000000000000000000e+00
3.193802724231721513e+00 0.000000000000000000e+00
2.338920324238517257e+00 0.000000000000000000e+00
3.279212274531840166e+00 0.000000000000000000e+00
3.691872003315554540e+00 0.000000000000000000e+00
1.899188295020908468e+00 0.000000000000000000e+00
2.636226379407771714e-01 0.000000000000000000e+00
6.873361018687596316e-03 0.000000000000000000e+00
6.832982770885618284e-06 0.000000000000000000e+00
1.032388235463951549e-07 0.000000000000000000e+00
1.628615087226984276e-14 0.000000000000000000e+00
3.835219220375771184e-19 0.000000000000000000e+00
8.672592080366306132e-26 0.000000000000000000e+00
2.621578239214862823e-35 0.000000000000000000e+00
1.426769116631709583e-37 0.000000000000000000e+00
6.443146739999205047e-41 0.000000000000000000e+00
2.277532935093789240e-43 0.000000000000000000e+00
3.148102439669932447e-55 0.000000000000000000e+00
1.540597577436840997e-67 0.000000000000000000e+00
5.536895982239450558e-76 0.000000000000000000e+00
1.647971540096495199e-82 0.000000000000000000e+00
6.279309198086033599e-104 0.000000000000000000e+00
1.439807521140025662e-97 0.000000000000000000e+00
1.702020435970922670e-110 0.000000000000000000e+00
8.313441643583972510e-120 0.000000000000000000e+00
3.968634401099264395e-135 0.000000000000000000e+00
1.703521621343599088e-132 0.000000000000000000e+00
9.538356405555063864e-138 0.000000000000000000e+00
0.000000000000000000e+00 0.000000000000000000e+00
0.000000000000000000e+00 0.000000000000000000e+00
0.000000000000000000e+00 0.000000000000000000e+00
0.000000000000000000e+00 0.000000000000000000e+00
1.182666961007197458e-185 0.000000000000000000e+00
0.000000000000000000e+00 0.000000000000000000e+00
1.795035908734164375e-175 0.000000000000000000e+00
0.000000000000000000e+00 0.000000000000000000e+00
0.000000000000000000e+00 0.000000000000000000e+00
0.000000000000000000e+00 0.000000000000000000e+00
0.000000000000000000e+00 0.000000000000000000e+00
0.000000000000000000e+00 0.000000000000000000e+00
0.000000000000000000e+00 0.000000000000000000e+00
0.000000000000000000e+00 0.000000000000000000e+00
0.000000000000000000e+00 0.000000000000000000e+00
0.000000000000000000e+00 0.000000000000000000e+00
0.000000000000000000e+00 0.000000000000000000e+00
0.000000000000000000e+00 0.000000000000000000e+00
0.000000000000000000e+00 0.000000000000000000e+00
0.000000000000000000e+00 0.000000000000000000e+00
0.000000000000000000e+00 0.000000000000000000e+00
0.000000000000000000e+00 0.000000000000000000e+00
0.000000000000000000e+00 0.000000000000000000e+00
0.000000000000000000e+00 0.000000000000000000e+00
0.000000000000000000e+00 0.000000000000000000e+00
0.000000000000000000e+00 0.000000000000000000e+00
