3.653793910259448691e-02 0.000000000000000000e+00
1.073691789595012935e-01 0.000000000000000000e+00
2.192425968315129481e+00 0.000000000000000000e+00
2.183964841643859955e+00 0.000000000000000000e+00
3.175926175737959767e+00 0.000000000000000000e+00
2.156771460984718836e+00 0.000000000000000000e+00
2.140832009657447355e+00 0.000000000000000000e+00
2.398586822611903813e+00 0.000000000000000000e+00
3.433631380268730382e+00 0.000000000000000000e+00
3.228515866148706337e+00 0.000000000000000000e+00
8.044615385271921548e-01 0.000000000000000000e+00
2.773532055414588138e-01 0.000000000000000000e+00
6.357542017097314591e-02 0.000000000000000000e+00
3.733009140158785599e-02 0.000000000000000000e+00
3.078333278347776270e-05 0.000000000000000000e+00
6.802896457629912166e-09 0.000000000000000000e+00
2.744826032836145857e-16 0.000000000000000000e+00
1.141557887330509850e-18 0.000000000000000000e+00
3.603008859073254350e-24 0.000000000000000000e+00
1.449608255701627084e-27 0.000000000000000000e+00
7.173103629694404388e-37 0.000000000000000000e+00
4.283882401651116472e-51 0.000000000000000000e+00
1.045888056841622892e-52 0.000000000000000000e+00
8.476925083182904908e-55 0.000000000000000000e+00
7.477057891443750184e-72 0.000000000000000000e+00
1.012113474627541866e-78 0.000000000000000000e+00
2.218794719286353532e-93 0.000000000000000000e+00
1.405033230859568852e-95 0.000000000000000000e+00
9.043145501938726823e-108 0.000000000000000000e+00
2.105273856604609258e-117 0.000000000000000000e+00
5.680453591392886824e-126 0.000000000000000000e+00
2.003964841222825934e-123 0.000000000000000000e+00
8.443621464408825995e-156 0.000000000000000000e+00
6.715074581340408955e-161 0.000000000000000000e+00
0.000000000000000000e+00 0.000000000000000000e+00
0.000000000000000000e+00 0.000000000000000000e+00
0.000000000000000000e+00 0.000000000000000000e+00
0.000000000000000000e+00 0.000000000000000000e+00
0.000000000000000000e+00 0.000000000000000000e+00
0.000000000000000000e+00 0.000000000000000000e+00
0.000000000000000000e+00 0.000000000000000000e+00
1.287760495652884560e-200 0.000000000000000000e+00
0.000000000000000000e+00 0.000000000000000000e+00
0.000000000000000000e+00 0.000000000000000000e+00
0.000000000000000000e+00 0.000000000000000000e+00
0.000000000000000000e+00 0.000000000000000000e+00
0.000000000000000000e+00 0.000000000000000000e+00
0.000000000000000000e+00 0.000000000000000000e+00
0.000000000000000000e+00 0.000000000000000000e+00
0.000000000000000000e+00 0.000000000000000000e+00
0.000000000000000000e+00 0.000000000000000000e+00
0.000000000000000000e+00 0.000000000000000000e+00
0.000000000000000000e+00 0.000000000000000000e+00
0.000000000000000000e+00 0.000000000000000000e+00
0.000000000000000000e+00 0.000000000000000000e+00
0.000000000000000000e+00 0.000000000000000000e+00
0.000000000000000000e+00 0.000000000000000000e+00
0.000000000000000000e+00 0.000000000000000000e+00
0.000000000000000000e+00 0.000000000000000000e+00
0.000000000000000000e+00 0.000000000000000000e+00
