1.394198496871043957e+01 8.310869313822607032e-03
1.394246720591312538e+01 5.568944660968694858e-03
1.392691571326282585e+01 2.562731338017890451e-02
1.392455283413291411e+01 2.214203725355799041e-02
1.390775224205409799e+01 1.194435115745581463e-02
1.384558907369491720e+01 2.281163635187827624e-02
1.392047620850213363e+01 9.705989909289518269e-02
1.381665487810837867e+01 7.076130184075991869e-02
1.381958675873461573e+01 4.348140375109376538e-02
1.387868965689654388e+01 1.687571109725418406e-01
1.346641905773919490e+01 1.768989240738170488e-01
1.384284922288223996e+01 3.209835365839526777e-01
1.392222595310976274e+01 8.103202083272523781e-01
1.399636505687017873e+01 4.517319595331406035e-01
1.385645298966176142e+01 5.284706095327666997e-01
1.383983416702909963e+01 1.101688464730686157e+00
1.429030217563239447e+01 4.965070389979818199e-01
1.406967549875142431e+01 6.497061954551360818e-01
1.405727477693265826e+01 5.185006836820450493e-01
1.385456764540897012e+01 5.754280704620456932e-01
1.341189903602977473e+01 1.022224753623120375e+00
1.411333379754681872e+01 3.005164545598015269e-01
1.308237868456021324e+01 1.106970906828741885e+00
1.382463718530820174e+01 4.833992583580467017e-01
1.317172709956063237e+01 1.307207618503034796e+00
1.281661089507383977e+01 1.093922490161450378e+00
1.320144773683760064e+01 9.266312070143586377e-01
1.286594837950162074e+01 1.247408162029971290e+00
1.265905802039737793e+01 5.526955537296749377e-01
1.136394805796839691e+01 8.118167962533885396e-01
1.017732394202276680e+01 7.096390092907172154e-01
6.969229934827943396e+00 9.197419708907061953e-01
4.756605806754868659e+00 9.040339028624172490e-01
3.637614928375775047e+00 7.437081245539896024e-01
1.700138645593371356e+00 8.718000229124207578e-01
1.468720843522894226e+00 8.522825079187510422e-01
5.532630556220374807e-01 1.784005361142242396e-01
3.886162015632004252e-01 3.474459236975329102e-01
1.723221481040849989e-01 1.273846082183914263e-01
5.834036168335063888e-01 8.721892920298358609e-01
6.536497783684175333e-01 6.532066853256395245e-01
1.422295041718911190e-01 1.507089317460492406e-01
6.083373269727533339e-01 6.462666378027005498e-01
5.230333573051791918e-01 7.149435410817457370e-01
1.564196753098501480e+00 7.906129093881869574e-01
5.106871916242511356e-01 6.238912646643695048e-01
2.433623049547696815e-01 1.829157445828027972e-01
6.866372734002142986e-01 6.346241751568457712e-01
9.735354794900878961e-01 7.209311118399033269e-01
7.765800529069653013e-01 8.020843960442470832e-01
3.191087215289147849e-01 3.558832357563364579e-01
1.305634815434437157e-01 2.023829319237780422e-01
2.788545093321310731e-01 2.582125714539841299e-01
3.688111309454289444e-02 5.016337866923829131e-02
2.470035853232996695e-02 2.221770613326493407e-02
7.369036940528389795e-04 4.685420883831043436e-04
5.817542332019516938e-06 9.168647226908504435e-06
4.082837337968837644e-05 7.000752673885513857e-05
1.225233058244746625e-09 2.119774026442521565e-09
1.378299264775377200e-11 1.539812104735052356e-11
