4.999999999999999237e-03
5.469788234491888314e-03
5.983716666037178569e-03
6.545932603684638702e-03
7.160973027882212329e-03
7.833801203084776038e-03
8.569846730396303222e-03
9.375049363464097243e-03
1.025590694121131935e-02
1.121952782421627506e-02
1.227368825789050544e-02
1.342689512536614921e-02
1.468845459649684507e-02
1.606854722695735121e-02
1.757831011347771658e-02
1.922992676819004071e-02
2.103672543735730580e-02
2.301328665789863573e-02
2.517556091967262238e-02
2.754099738303181222e-02
3.012868469037586344e-02
3.295950500802675986e-02
3.605630254151625386e-02
3.944406788417312293e-02
4.315013968666988470e-02
4.720442527496569035e-02
5.163964199699178081e-02
5.649158124570374806e-02
6.179939728911860997e-02
6.760592323814218485e-02
7.395801670199038391e-02
8.090693792058029077e-02
8.850876342535114738e-02
9.682483856668235023e-02
1.059222725597230713e-01
1.158744800435632660e-01
1.267617735240295085e-01
1.386720114810124083e-01
1.517013073704331083e-01
1.659548052423665543e-01
1.815475282344178876e-01
1.986053067875405143e-01
2.172657940748282390e-01
2.376795768376066265e-01
2.600113905930703240e-01
2.844414490199700940e-01
3.111668982502514003e-01
3.404034078025119925e-01
3.723869109958247159e-01
4.073755088887480724e-01
4.456515531079640602e-01
4.875239243745957962e-01
5.333305251154955018e-01
5.834410062744237457e-01
6.382597503279896500e-01
6.982291345787536851e-01
7.638331010596641768e-01
8.356010618583210592e-01
9.141121713763147305e-01
1.000000000000000000e+00
