1.000000000000000056e-01
1.155299025074324609e-01
1.334715837337684952e-01
1.541995905627488173e-01
1.781466366440037086e-01
2.058126356350874486e-01
2.377751372971937116e-01
2.747013843063615401e-01
3.173622414757068522e-01
3.666482881722865073e-01
4.235884098706126366e-01
4.893712769563021703e-01
5.653701591669931803e-01
6.531715936917429355e-01
7.546085053983134783e-01
8.717984705994646921e-01
1.007187923144848840e+00
1.163603225675877928e+00
1.344309672196680516e+00
1.553079653686809447e+00
1.794271409767141057e+00
2.072920010422712789e+00
2.394842467098417860e+00
2.766759167445391743e+00
3.196434168765112105e+00
3.692837278888593922e+00
4.266331308058113336e+00
4.928888400843604245e+00
5.694339964194764292e+00
6.578665409075977522e+00
7.600325733395656869e+00
8.780648910039301924e+00
1.014427512528833830e+01
1.171967116233134121e+01
1.353972466803307917e+01
1.564243070875338759e+01
1.807168494761546995e+01
2.087820000143050336e+01
2.412056410695940301e+01
2.786646419701295230e+01
3.219409891907763921e+01
3.719381109435677502e+01
4.296997369610899398e+01
4.964316871858405023e+01
5.735270442218037346e+01
6.625952350432091009e+01
7.654956290643117711e+01
8.843763539566563736e+01
1.021719139524911242e+02
1.180391125792908014e+02
1.363704716834931503e+02
1.575486729848652772e+02
1.820158283011684830e+02
2.102827089844356578e+02
2.429394086797062471e+02
2.806676619997975877e+02
3.242550762782562970e+02
3.746115734996703850e+02
4.327883856457279421e+02
4.999999999999999432e+02
